#ifndef CITIES_H
#define CITIES_H
#include<string>

using namespace std;

/* debug flag */
#define DEBUG 0

/* City parameters to set up:
 * can do this automatically using Python script
 * 
 * num_cities = number of cities
 * city_names = names of all cities; the first name should be the "hometown"
 *     where tours start and end
 * mileage_table: each row should contain the mileages FROM that city
 *     TO the cities in each column. The distances from A to B and B to A
 *     do not have to be equal (see Python script).
 *  */


/*

const unsigned int num_cities = 12;

const string city_names[num_cities] = {
  "a",
  "b",
  "c",
  "d",
  "e",
  "f",
  "g",
  "h",
  "i",
  "j",
  "k",
  "l"
 };

const unsigned int mileage_table[][num_cities] = {
  {0, 10, 11, 12, 13, 14, 15, 16, 17, 18, 19, 20},
  {10, 0, 24, 25, 26, 27, 28, 29, 30, 31, 32, 33},
  {11, 24, 0, 37, 38, 39, 40, 51, 41, 42, 43, 44},
  {12, 25, 37, 0, 48, 49, 50, 10, 11, 12, 13, 14},
  {13, 26, 38, 48, 0, 18, 19, 20, 21, 22, 23, 24},
  {14, 27, 39, 49, 18, 0, 28, 29, 30, 31, 32, 33},
  {15, 28, 40, 50, 19, 28, 0, 37, 38, 39, 40, 41},
  {16, 29, 51, 10, 20, 29, 37, 0, 45, 46, 47, 48},
  {17, 30, 41, 11, 21, 30, 38, 45, 0, 22, 23, 24},
  {18, 31, 42, 12, 22, 31, 39, 46, 22, 0, 28, 29},
  {19, 32, 43, 13, 23, 32, 40, 47, 23, 28, 0, 32},
  {20, 33, 44, 14, 24, 33, 41, 48, 24, 29, 33, 0}
 };

*/
/*

const unsigned int num_cities = 20;

const string city_names[num_cities] = {
  "a",
  "b",
  "c",
  "d",
  "e",
  "f",
  "g",
  "h",
  "i",
  "j",
  "k",
  "l",
  "m",
  "o",
  "p",
  "q",
  "r",
  "s",
  "t",
  "u"
};

const unsigned int mileage_table[][num_cities] = {
  {0, 10, 11, 12, 13, 14, 15, 1, 16, 17, 18, 19, 2, 20, 21, 22, 23, 24, 25, 26},
  {10, 0, 27, 28, 29, 30, 31, 32, 33, 34, 35, 36, 37, 38, 39, 40, 41, 42, 43, 44},
  {11, 27, 0, 4, 54, 45, 46, 47, 48, 49, 50, 51, 52, 53, 54, 55, 56, 57, 58, 59},
  {12, 28, 4, 0, 60, 61, 62, 63, 64, 65, 66, 67, 24, 25, 26, 27, 28, 29, 30, 4},
  {13, 29, 54, 60, 0, 35, 54, 23, 10, 11, 12, 1, 13, 14, 15, 16, 654, 54, 53, 63},
  {14, 30, 45, 61, 35, 0, 64, 54, 2, 34, 23, 52, 12, 23, 24, 24, 23, 1, 2, 3},
  {15, 31, 46, 62, 54, 64, 0, 4, 5, 6, 7, 8, 95, 21, 22, 23, 24, 25, 26, 27},
  {1, 32, 47, 63, 23, 54, 4, 0, 28, 29, 30, 31, 32, 33, 34, 35, 36, 37, 38, 39},
  {16, 33, 48, 64, 10, 2, 5, 28, 0, 40, 41, 42, 43, 44, 45, 56, 67, 11, 12, 13},
  {17, 34, 49, 65, 11, 34, 6, 29, 40, 0, 14, 15, 22, 2, 25, 32, 34, 43, 23, 34},
  {18, 35, 50, 66, 12, 23, 7, 30, 41, 14, 0, 54, 34, 35, 36, 37, 38, 39, 40, 12},
  {19, 36, 51, 67, 1, 52, 8, 31, 42, 15, 54, 0, 23, 34, 45, 12, 23, 24, 25, 26},
  {2, 37, 52, 24, 13, 12, 95, 32, 43, 22, 34, 23, 0, 27, 28, 29, 30, 31, 32, 33},
  {20, 38, 53, 25, 14, 23, 21, 33, 44, 2, 35, 34, 27, 0, 34, 35, 26, 12, 32, 42},
  {21, 39, 54, 26, 15, 24, 22, 34, 45, 25, 36, 45, 28, 34, 0, 33, 34, 35, 36, 37},
  {22, 40, 55, 27, 16, 24, 23, 35, 56, 32, 37, 12, 29, 35, 33, 0, 38, 39, 40, 41},
  {23, 41, 56, 28, 654, 23, 24, 36, 67, 34, 38, 23, 30, 26, 34, 38, 0, 42, 43, 44},
  {24, 42, 57, 29, 54, 1, 25, 37, 11, 43, 39, 24, 31, 12, 35, 39, 42, 0, 45, 46},
  {25, 43, 58, 30, 53, 2, 26, 38, 12, 23, 40, 25, 32, 32, 36, 40, 43, 45, 0, 47},
  {26, 44, 59, 4, 63, 3, 27, 39, 13, 34, 12, 26, 33, 42, 37, 41, 44, 46, 47, 0}
};

*/



const unsigned int num_cities = 10;

const string city_names[num_cities] = {
  "anakin",
  "luke",
  "leah",
  "vader",
  "obi",
  "qui",
  "yota",
  "duku",
  "boba",
  "jango"
};

const unsigned int mileage_table[][num_cities] = {
  {0, 12, 42, 23, 32, 4, 10, 11, 12, 13},
  {12, 0, 14, 15, 16, 17, 18, 19, 20, 21},
  {42, 14, 0, 22, 23, 24, 25, 26, 27, 28},
  {23, 15, 22, 0, 29, 30, 31, 32, 33, 34},
  {32, 16, 23, 29, 0, 35, 36, 37, 38, 39},
  {4, 17, 24, 30, 35, 0, 40, 41, 42, 43},
  {10, 18, 25, 31, 36, 40, 0, 44, 45, 46},
  {11, 19, 26, 32, 37, 41, 44, 0, 47, 48},
  {12, 20, 27, 33, 38, 42, 45, 47, 0, 49},
  {13, 21, 28, 34, 39, 43, 46, 48, 49, 0}
};


/*

const unsigned int num_cities = 5;

const string city_names[num_cities] = {
	"Rohnert Park",
	"San Francisco",
	"Petaluma",
	"Oakland",
	"Santa Rosa"
};

const unsigned int mileage_table[][num_cities] = {
	{0, 48, 11, 52, 10},
	{48, 0, 39, 12, 55},
	{11, 39, 0, 42, 18},
	{52, 12, 42, 0, 58},
	{10, 55, 18, 58, 0}
};
*/


#endif
